1,3,246~3,3,246
0,7,264~2,7,264
5,0,217~8,0,217
6,3,48~6,7,48
5,6,63~5,8,63
1,3,274~3,3,274
4,0,106~4,1,106
1,9,190~1,9,193
0,1,254~0,3,254
4,0,29~4,2,29
2,2,302~4,2,302
6,3,240~6,5,240
1,2,138~4,2,138
7,6,286~9,6,286
8,4,139~8,4,142
8,0,269~9,0,269
9,7,36~9,8,36
2,5,196~2,7,196
2,7,233~5,7,233
0,0,116~0,2,116
2,4,302~2,5,302
2,6,279~2,9,279
5,5,44~5,8,44
4,2,257~7,2,257
1,1,21~4,1,21
6,6,256~9,6,256
6,4,266~6,6,266
5,5,32~7,5,32
4,1,33~4,2,33
4,3,75~8,3,75
7,6,123~9,6,123
3,9,40~5,9,40
4,1,221~4,3,221
4,1,225~4,4,225
3,1,163~5,1,163
6,4,149~6,7,149
6,0,189~6,1,189
2,9,72~5,9,72
4,1,175~7,1,175
9,3,257~9,4,257
3,6,29~3,8,29
7,4,175~7,5,175
0,6,98~0,9,98
0,5,189~3,5,189
5,0,157~7,0,157
0,3,87~0,5,87
5,6,305~5,7,305
1,2,218~4,2,218
0,2,240~0,3,240
3,7,287~4,7,287
8,6,221~8,8,221
4,6,49~6,6,49
2,7,30~2,8,30
5,0,163~7,0,163
2,6,209~5,6,209
4,7,283~6,7,283
9,4,76~9,5,76
7,6,180~7,6,183
1,2,82~5,2,82
3,5,210~4,5,210
0,5,64~3,5,64
0,9,272~3,9,272
1,1,37~3,1,37
1,8,83~2,8,83
0,2,255~0,3,255
3,8,181~5,8,181
3,9,213~5,9,213
6,5,187~8,5,187
7,1,8~7,3,8
3,5,170~3,5,172
3,2,188~5,2,188
5,9,164~5,9,166
4,4,213~4,5,213
2,5,297~2,7,297
0,9,188~3,9,188
4,4,252~4,6,252
2,3,238~2,4,238
6,3,108~6,6,108
9,1,180~9,1,182
6,7,162~6,8,162
9,2,273~9,4,273
7,9,232~9,9,232
6,3,73~7,3,73
6,1,129~7,1,129
2,4,289~2,6,289
7,0,159~7,0,161
6,5,305~9,5,305
1,6,128~1,6,128
3,9,273~3,9,275
6,6,226~6,9,226
7,2,28~7,3,28
3,1,278~5,1,278
0,5,294~3,5,294
2,4,279~5,4,279
0,3,275~2,3,275
8,5,9~8,8,9
4,5,190~6,5,190
2,8,60~4,8,60
4,2,200~7,2,200
0,6,235~0,7,235
3,4,165~6,4,165
3,6,141~6,6,141
8,0,170~8,0,173
1,5,58~3,5,58
7,2,265~9,2,265
6,7,304~8,7,304
0,5,70~0,8,70
6,3,296~6,5,296
1,7,118~4,7,118
1,9,268~4,9,268
3,8,159~5,8,159
6,5,159~6,7,159
0,1,278~0,3,278
8,5,212~8,5,213
7,0,107~9,0,107
3,5,241~7,5,241
0,1,236~0,4,236
3,2,120~5,2,120
6,1,107~6,4,107
9,2,255~9,5,255
2,7,162~5,7,162
7,3,52~7,6,52
3,0,88~3,2,88
3,8,238~3,9,238
2,3,20~3,3,20
1,6,305~1,9,305
1,6,268~1,8,268
7,7,124~7,9,124
4,8,105~4,8,105
2,4,124~3,4,124
1,7,3~3,7,3
9,3,171~9,4,171
7,5,302~7,7,302
8,5,32~8,7,32
0,5,267~3,5,267
3,9,74~5,9,74
6,9,277~8,9,277
7,4,186~7,6,186
2,9,137~4,9,137
2,1,222~2,2,222
6,3,153~6,6,153
0,9,295~2,9,295
0,5,32~0,6,32
0,6,274~1,6,274
5,6,8~5,6,8
7,2,159~7,4,159
2,6,104~2,8,104
0,5,191~0,7,191
7,5,5~7,8,5
4,5,256~4,7,256
7,6,283~7,8,283
4,7,168~7,7,168
7,9,253~9,9,253
7,9,170~9,9,170
2,0,27~2,3,27
0,5,242~2,5,242
3,3,100~3,4,100
6,2,157~8,2,157
3,5,130~5,5,130
5,3,127~7,3,127
2,7,270~2,9,270
0,3,238~0,5,238
2,5,14~4,5,14
6,3,18~6,4,18
9,3,99~9,5,99
5,0,145~5,2,145
3,5,112~5,5,112
1,4,127~3,4,127
0,0,154~2,0,154
6,1,295~6,4,295
5,3,73~5,5,73
0,0,239~0,1,239
7,1,116~7,4,116
8,2,289~8,5,289
6,4,81~7,4,81
8,5,91~8,6,91
9,4,245~9,6,245
1,6,100~3,6,100
2,3,16~2,6,16
1,4,33~1,5,33
2,4,19~4,4,19
8,4,290~8,5,290
2,5,151~2,7,151
5,3,290~5,4,290
0,3,172~0,4,172
8,0,17~8,2,17
5,0,122~5,1,122
4,0,308~4,0,310
7,5,121~7,7,121
3,3,118~3,6,118
3,4,98~3,7,98
2,2,192~2,5,192
4,3,231~4,5,231
2,6,182~2,8,182
2,0,85~5,0,85
7,1,232~9,1,232
4,0,172~5,0,172
3,6,162~5,6,162
8,5,54~8,8,54
1,6,270~1,8,270
1,3,80~1,5,80
4,2,141~6,2,141
2,1,239~2,3,239
4,7,41~5,7,41
3,1,147~6,1,147
5,2,242~7,2,242
6,4,89~6,4,91
8,3,132~8,5,132
1,5,180~2,5,180
0,6,31~0,8,31
2,1,17~2,3,17
1,8,87~1,9,87
5,3,255~5,3,255
5,6,24~5,8,24
7,6,177~7,9,177
2,8,101~4,8,101
7,4,25~8,4,25
0,7,87~0,9,87
0,2,9~0,3,9
2,8,292~4,8,292
4,4,175~6,4,175
0,2,146~2,2,146
2,8,253~5,8,253
7,3,2~8,3,2
9,1,170~9,4,170
1,2,30~1,4,30
8,2,5~9,2,5
7,1,20~9,1,20
0,5,291~3,5,291
3,8,285~5,8,285
4,3,163~4,4,163
0,5,270~0,6,270
4,0,94~4,1,94
2,6,99~3,6,99
1,2,132~4,2,132
1,1,24~1,2,24
4,8,274~6,8,274
4,6,1~5,6,1
5,2,309~7,2,309
6,2,2~8,2,2
8,7,255~8,9,255
9,6,129~9,8,129
3,0,252~3,2,252
2,0,305~4,0,305
4,7,225~7,7,225
6,5,46~6,8,46
0,7,62~3,7,62
1,7,105~1,7,108
1,7,71~4,7,71
5,7,149~5,9,149
9,3,169~9,5,169
4,7,275~4,8,275
2,3,283~2,6,283
5,7,52~5,9,52
3,3,108~3,3,110
4,7,184~7,7,184
7,8,238~8,8,238
2,2,306~5,2,306
9,6,175~9,9,175
1,8,59~4,8,59
3,2,157~3,4,157
8,5,265~8,8,265
6,8,272~9,8,272
4,3,5~6,3,5
4,0,186~6,0,186
7,6,188~8,6,188
6,5,63~6,7,63
0,2,88~0,4,88
7,2,274~7,4,274
1,6,202~1,8,202
1,5,3~1,6,3
6,0,63~9,0,63
0,2,10~0,2,12
6,5,89~6,6,89
9,0,109~9,0,109
1,9,60~4,9,60
3,7,77~6,7,77
1,3,203~3,3,203
1,7,99~4,7,99
8,5,209~9,5,209
2,9,154~5,9,154
0,8,226~1,8,226
4,2,121~6,2,121
0,6,249~0,8,249
3,4,4~3,6,4
0,7,89~0,7,91
7,2,24~9,2,24
0,5,84~0,7,84
5,2,52~5,3,52
0,4,35~0,5,35
4,0,284~7,0,284
2,9,159~4,9,159
7,0,6~7,2,6
7,4,54~9,4,54
9,8,1~9,9,1
0,2,8~0,5,8
7,3,26~9,3,26
1,6,276~1,7,276
3,4,97~3,7,97
7,5,3~8,5,3
1,3,290~3,3,290
7,0,21~8,0,21
3,2,202~3,4,202
0,6,49~2,6,49
4,5,157~7,5,157
2,7,152~2,8,152
9,4,65~9,4,68
9,5,31~9,7,31
3,5,237~3,8,237
2,0,150~2,0,153
6,2,260~8,2,260
1,2,228~1,3,228
2,3,201~2,5,201
2,4,284~5,4,284
6,1,285~6,2,285
5,5,60~5,8,60
4,8,7~4,8,10
8,2,211~8,5,211
3,3,244~3,5,244
2,7,262~2,9,262
2,7,239~2,8,239
0,4,150~2,4,150
1,0,100~1,0,102
7,4,259~7,6,259
0,8,128~1,8,128
1,1,30~2,1,30
4,3,232~4,3,235
0,0,27~0,3,27
2,5,88~5,5,88
2,2,96~2,4,96
5,8,164~8,8,164
6,5,56~6,7,56
0,4,246~0,6,246
6,5,9~6,7,9
1,0,23~4,0,23
9,7,126~9,9,126
6,8,73~7,8,73
7,0,108~9,0,108
7,1,33~7,1,35
3,7,68~3,9,68
9,7,167~9,9,167
3,6,112~4,6,112
3,3,206~3,3,209
9,6,80~9,8,80
2,4,236~2,7,236
5,2,144~5,4,144
6,4,178~6,4,178
2,0,221~2,0,221
0,7,64~0,7,67
2,9,102~3,9,102
3,0,22~3,3,22
3,7,208~3,9,208
9,0,8~9,2,8
3,4,75~5,4,75
0,7,187~0,9,187
6,6,242~6,8,242
6,4,51~6,5,51
2,0,219~2,2,219
8,4,214~8,5,214
2,1,18~5,1,18
4,8,23~6,8,23
9,0,177~9,2,177
5,6,143~5,8,143
1,5,174~1,7,174
9,5,28~9,8,28
5,6,64~6,6,64
6,4,111~7,4,111
2,6,154~3,6,154
0,3,297~2,3,297
5,3,293~6,3,293
7,8,11~9,8,11
5,7,91~7,7,91
4,2,110~4,6,110
4,1,27~4,3,27
3,1,249~3,3,249
2,4,216~5,4,216
7,3,104~7,5,104
8,6,92~8,6,94
3,0,150~3,0,152
3,0,255~5,0,255
7,1,119~8,1,119
2,1,90~2,1,90
5,1,94~7,1,94
4,4,289~4,6,289
8,5,73~9,5,73
5,0,101~5,3,101
4,4,261~4,4,263
2,6,285~2,9,285
6,3,280~8,3,280
8,1,123~8,2,123
6,2,86~8,2,86
1,3,225~1,5,225
6,6,215~6,8,215
8,3,90~9,3,90
4,4,230~5,4,230
3,6,144~3,7,144
6,4,70~8,4,70
1,4,271~1,5,271
4,5,120~4,8,120
9,0,122~9,3,122
0,7,147~3,7,147
4,3,207~4,5,207
1,4,171~1,7,171
7,0,245~7,3,245
3,1,282~5,1,282
5,1,235~7,1,235
3,4,218~4,4,218
7,5,94~7,8,94
3,9,255~5,9,255
4,7,161~8,7,161
3,3,310~3,5,310
7,2,205~7,5,205
4,5,79~4,8,79
7,0,25~8,0,25
3,6,94~5,6,94
6,9,3~8,9,3
1,8,116~3,8,116
1,6,175~3,6,175
8,0,168~8,2,168
2,1,242~2,2,242
4,3,158~6,3,158
1,5,270~5,5,270
6,7,110~6,8,110
3,7,199~3,9,199
4,1,260~4,4,260
3,4,109~3,7,109
3,0,261~5,0,261
0,1,90~0,4,90
3,1,293~3,4,293
8,1,170~8,1,173
3,7,7~3,8,7
2,1,147~2,1,149
4,4,270~7,4,270
7,0,113~8,0,113
0,2,5~0,2,7
2,6,160~2,8,160
2,1,224~3,1,224
1,3,111~1,6,111
3,2,141~3,2,141
8,4,90~8,7,90
4,4,228~4,6,228
9,1,60~9,5,60
4,0,204~4,2,204
3,4,219~5,4,219
1,7,308~1,8,308
2,7,259~4,7,259
7,5,239~7,7,239
6,3,286~6,3,288
1,2,133~3,2,133
8,4,71~8,5,71
6,1,22~6,1,25
4,5,265~5,5,265
3,2,234~3,5,234
7,3,236~7,6,236
4,1,31~7,1,31
0,1,33~1,1,33
3,0,102~5,0,102
7,1,177~7,1,179
7,7,163~7,8,163
3,1,109~5,1,109
6,5,87~8,5,87
5,2,14~8,2,14
1,3,155~3,3,155
0,5,19~2,5,19
0,2,150~2,2,150
4,3,82~5,3,82
4,0,43~4,2,43
6,4,261~6,6,261
7,1,105~7,3,105
6,0,3~8,0,3
4,5,216~6,5,216
1,4,282~2,4,282
8,4,248~8,7,248
5,6,285~8,6,285
3,3,238~5,3,238
5,3,177~5,5,177
2,2,1~2,2,4
0,0,114~0,2,114
2,4,298~2,5,298
2,2,20~3,2,20
7,4,204~9,4,204
1,1,152~1,2,152
4,7,286~4,8,286
2,5,5~2,7,5
6,5,207~9,5,207
3,9,217~5,9,217
6,5,79~6,7,79
7,9,192~9,9,192
8,0,298~8,2,298
7,1,237~7,3,237
9,0,10~9,3,10
5,5,26~5,7,26
5,4,39~5,6,39
7,0,119~9,0,119
6,4,251~6,8,251
4,1,264~6,1,264
9,8,58~9,9,58
5,6,120~7,6,120
7,2,195~7,6,195
7,9,11~9,9,11
0,2,119~0,3,119
1,8,205~3,8,205
4,5,100~7,5,100
0,0,146~3,0,146
1,8,233~1,9,233
5,1,275~8,1,275
5,6,254~7,6,254
3,5,17~3,6,17
9,0,120~9,3,120
5,9,76~8,9,76
1,6,185~4,6,185
6,3,11~9,3,11
0,4,108~2,4,108
9,3,95~9,5,95
2,8,281~3,8,281
8,0,235~8,1,235
0,3,296~0,7,296
7,1,12~8,1,12
3,5,105~3,5,105
4,6,103~4,9,103
3,8,5~5,8,5
4,4,255~4,6,255
3,1,176~3,3,176
1,0,207~1,3,207
9,2,62~9,4,62
1,9,63~4,9,63
5,6,200~8,6,200
5,3,302~5,4,302
1,7,91~3,7,91
7,3,203~7,6,203
9,1,98~9,5,98
0,5,74~0,7,74
4,4,282~4,6,282
6,2,16~6,4,16
3,7,246~6,7,246
3,5,61~3,7,61
3,1,112~5,1,112
1,4,187~1,6,187
3,5,136~3,7,136
6,0,18~8,0,18
1,0,301~4,0,301
7,5,174~7,8,174
3,6,208~5,6,208
6,8,166~6,8,169
0,1,282~0,3,282
5,2,162~7,2,162
1,7,34~1,9,34
6,8,244~8,8,244
6,4,279~8,4,279
9,5,166~9,8,166
8,0,160~8,2,160
5,6,204~9,6,204
3,7,65~3,7,67
2,6,255~3,6,255
1,6,19~4,6,19
4,5,292~4,5,295
4,3,2~4,5,2
0,9,298~1,9,298
1,7,131~1,9,131
2,4,295~4,4,295
5,6,70~8,6,70
5,3,270~8,3,270
6,8,233~6,9,233
8,8,155~8,9,155
8,2,87~8,3,87
4,0,148~7,0,148
0,8,85~1,8,85
2,6,155~2,8,155
9,3,217~9,3,220
6,7,187~6,9,187
1,1,39~1,1,40
6,0,90~6,2,90
6,1,263~6,2,263
0,0,34~0,2,34
7,4,217~8,4,217
0,9,282~2,9,282
5,6,259~6,6,259
1,4,255~3,4,255
1,2,26~1,4,26
9,3,1~9,5,1
0,4,196~0,8,196
0,6,25~0,8,25
1,5,92~1,7,92
4,7,264~6,7,264
5,7,51~8,7,51
5,1,191~6,1,191
5,6,282~5,8,282
6,5,163~6,6,163
0,1,39~0,3,39
3,5,168~6,5,168
0,0,157~0,0,160
3,5,255~3,5,258
5,8,180~7,8,180
8,9,234~9,9,234
0,5,66~1,5,66
0,1,2~0,3,2
1,2,27~1,4,27
1,8,196~4,8,196
2,4,179~4,4,179
0,8,232~3,8,232
4,5,146~5,5,146
1,8,82~3,8,82
3,5,106~3,5,108
8,1,161~8,2,161
1,5,77~1,8,77
3,6,146~5,6,146
2,2,263~4,2,263
2,7,240~2,8,240
6,4,237~9,4,237
7,1,11~9,1,11
0,4,194~0,5,194
3,6,261~4,6,261
5,3,81~5,4,81
7,4,78~7,7,78
6,8,41~6,8,43
2,1,85~2,1,87
8,3,272~8,5,272
6,8,75~9,8,75
2,5,102~4,5,102
5,5,25~7,5,25
7,2,88~7,4,88
7,8,131~8,8,131
3,0,242~5,0,242
7,3,59~7,5,59
3,0,35~5,0,35
4,8,199~6,8,199
4,8,256~7,8,256
3,4,199~3,4,200
6,4,297~8,4,297
5,4,143~5,5,143
1,4,263~2,4,263
4,3,287~4,4,287
2,0,293~2,3,293
5,4,186~6,4,186
6,0,247~8,0,247
2,4,2~3,4,2
2,8,97~3,8,97
7,1,305~9,1,305
6,6,230~6,8,230
2,6,77~2,7,77
8,5,4~8,7,4
6,5,308~7,5,308
4,2,220~4,3,220
2,2,147~2,4,147
9,5,32~9,5,35
0,7,303~2,7,303
0,9,72~1,9,72
1,5,223~1,8,223
4,7,117~4,9,117
6,2,20~6,4,20
2,9,210~3,9,210
0,0,297~3,0,297
3,8,168~5,8,168
0,7,28~0,9,28
2,6,263~2,9,263
0,4,1~1,4,1
1,4,214~3,4,214
1,6,199~1,8,199
3,9,104~4,9,104
5,3,13~6,3,13
5,8,171~8,8,171
1,8,245~3,8,245
5,1,184~5,3,184
0,1,138~2,1,138
8,4,12~8,6,12
2,0,144~2,2,144
6,0,149~6,1,149
1,6,178~3,6,178
9,3,293~9,5,293
8,7,108~8,7,111
3,4,240~3,7,240
7,1,299~7,2,299
6,1,178~6,3,178
6,2,202~6,3,202
1,6,122~3,6,122
2,0,84~2,2,84
0,6,94~0,9,94
3,1,143~3,3,143
6,9,122~7,9,122
9,4,212~9,5,212
2,4,210~4,4,210
3,6,30~3,8,30
2,1,245~4,1,245
9,8,128~9,9,128
4,3,4~4,4,4
4,1,256~4,4,256
6,5,47~6,7,47
7,6,257~7,6,258
7,5,166~7,7,166
5,5,22~7,5,22
6,1,92~8,1,92
8,9,258~8,9,261
8,9,77~9,9,77
5,0,281~5,2,281
5,0,181~5,4,181
5,3,258~5,6,258
6,1,88~6,4,88
7,7,6~9,7,6
3,4,8~5,4,8
7,6,124~8,6,124
4,7,66~7,7,66
4,3,149~4,5,149
3,3,128~3,5,128
2,2,181~2,5,181
1,8,222~4,8,222
8,6,246~8,8,246
2,0,299~2,2,299
1,0,204~1,3,204
3,9,101~5,9,101
3,6,33~4,6,33
5,4,34~5,7,34
2,1,35~4,1,35
5,4,49~7,4,49
9,5,27~9,7,27
6,5,29~6,8,29
4,0,258~6,0,258
1,9,195~1,9,196
4,3,178~4,4,178
7,8,284~7,9,284
7,7,53~7,9,53
8,2,285~8,5,285
3,8,1~5,8,1
8,0,287~8,2,287
9,8,88~9,8,92
3,8,151~5,8,151
0,7,82~0,9,82
3,1,146~4,1,146
9,2,276~9,4,276
6,4,155~6,6,155
6,8,268~9,8,268
7,2,90~7,3,90
3,8,62~3,8,63
2,3,153~2,5,153
0,5,211~0,6,211
0,0,298~0,0,300
4,6,7~7,6,7
8,7,13~8,7,13
5,3,131~6,3,131
4,7,260~4,8,260
8,3,77~8,4,77
0,4,198~0,7,198
6,3,104~6,6,104
4,3,111~5,3,111
0,3,121~0,5,121
8,7,191~8,9,191
0,6,185~0,8,185
3,4,183~5,4,183
9,6,33~9,7,33
5,7,85~5,9,85
5,7,82~5,8,82
3,4,102~6,4,102
0,2,38~0,4,38
3,4,249~5,4,249
4,2,84~4,2,86
0,1,203~0,3,203
6,0,82~7,0,82
6,9,173~9,9,173
1,5,156~2,5,156
6,8,285~8,8,285
5,6,255~5,7,255
7,8,126~7,8,128
3,2,23~5,2,23
6,6,1~6,7,1
2,5,303~3,5,303
1,1,151~1,2,151
5,5,185~5,8,185
7,1,247~7,2,247
3,4,173~6,4,173
7,9,266~9,9,266
1,2,36~1,3,36
0,6,124~1,6,124
0,8,80~1,8,80
7,0,111~7,2,111
5,8,252~5,9,252
4,2,173~6,2,173
3,8,98~3,9,98
3,0,32~3,2,32
7,0,279~9,0,279
5,5,279~5,6,279
0,5,72~0,8,72
6,7,104~8,7,104
8,3,158~8,5,158
1,5,104~3,5,104
3,8,241~3,8,243
3,3,266~3,5,266
1,8,265~2,8,265
5,8,165~8,8,165
8,8,134~9,8,134
0,2,124~0,4,124
5,4,41~7,4,41
3,1,7~3,4,7
6,3,60~6,5,60
3,4,252~3,6,252
8,6,174~8,8,174
4,6,34~4,6,36
5,5,203~5,7,203
5,6,229~7,6,229
7,6,192~9,6,192
4,5,17~6,5,17
5,4,115~7,4,115
2,4,11~2,6,11
4,4,302~4,6,302
5,7,38~5,9,38
2,6,194~4,6,194
0,5,22~0,7,22
3,3,170~4,3,170
0,3,232~0,6,232
2,0,251~2,1,251
1,8,33~4,8,33
6,5,152~9,5,152
8,7,53~8,9,53
5,0,7~7,0,7
8,3,249~8,5,249
4,5,113~4,7,113
1,0,219~1,2,219
9,4,154~9,5,154
6,6,114~6,7,114
2,8,107~2,9,107
3,2,119~3,4,119
3,8,89~5,8,89
6,0,161~6,1,161
5,7,157~5,9,157
4,7,35~6,7,35
8,0,121~8,2,121
1,0,27~1,0,30
4,5,162~7,5,162
3,9,214~5,9,214
0,8,65~4,8,65
2,8,287~2,8,289
3,2,107~3,4,107
5,1,19~5,1,22
3,6,286~3,8,286
0,9,291~0,9,294
6,1,183~6,3,183
7,7,267~9,7,267
6,3,244~7,3,244
0,0,206~0,1,206
6,0,231~8,0,231
6,6,299~8,6,299
6,0,155~6,3,155
3,2,181~3,4,181
9,0,178~9,2,178
6,7,152~6,8,152
5,2,296~8,2,296
2,5,300~2,7,300
1,3,2~2,3,2
4,5,171~4,5,172
5,3,289~7,3,289
9,4,3~9,5,3
7,3,93~7,3,96
6,2,62~6,2,64
7,2,268~9,2,268
3,7,182~5,7,182
3,7,242~5,7,242
6,6,191~8,6,191
5,4,293~5,7,293
4,4,159~4,6,159
2,4,93~2,6,93
3,4,133~3,6,133
2,4,222~5,4,222
1,0,128~1,1,128
3,7,73~3,7,75
0,8,206~2,8,206
8,0,267~8,3,267
9,7,79~9,9,79
6,6,239~6,9,239
4,9,250~7,9,250
2,1,40~3,1,40
5,9,152~8,9,152
7,4,223~8,4,223
2,7,158~2,9,158
0,7,273~0,7,274
3,4,247~3,6,247
6,7,300~6,9,300
3,3,211~3,5,211
0,0,122~0,2,122
3,0,91~4,0,91
5,7,88~5,8,88
7,4,101~7,5,101
9,4,25~9,7,25
0,3,204~0,3,206
8,0,61~8,2,61
9,7,29~9,9,29
6,4,269~6,6,269
6,4,189~6,4,190
4,0,190~6,0,190
5,3,35~5,6,35
0,1,242~0,1,244
5,2,79~6,2,79
5,4,264~7,4,264
4,4,113~7,4,113
1,7,22~2,7,22
1,6,127~1,9,127
7,0,187~9,0,187
2,3,13~2,4,13
6,8,270~9,8,270
7,6,72~7,7,72
0,5,214~0,5,217
3,4,138~3,6,138
0,0,119~1,0,119
4,8,98~7,8,98
2,7,138~5,7,138
0,0,133~1,0,133
0,7,180~3,7,180
3,2,307~3,4,307
7,1,231~9,1,231
4,4,103~5,4,103
0,7,111~1,7,111
2,9,162~5,9,162
3,9,7~5,9,7
5,3,294~5,3,296
0,9,285~1,9,285
8,2,94~8,4,94
5,6,260~5,8,260
0,3,109~0,4,109
4,0,207~4,0,210
6,0,81~6,3,81
5,6,233~7,6,233
2,5,299~4,5,299
8,0,301~8,3,301
9,4,268~9,6,268
8,6,305~8,9,305
6,2,262~7,2,262
4,1,210~4,3,210
8,6,190~9,6,190
4,0,104~7,0,104
9,1,278~9,4,278
2,3,165~4,3,165
9,7,81~9,8,81
8,1,136~8,4,136
3,4,9~4,4,9
7,6,114~7,6,117
4,3,244~4,5,244
7,9,125~9,9,125
0,4,272~0,7,272
5,1,95~7,1,95
0,6,125~0,6,128
4,1,302~7,1,302
3,7,210~5,7,210
4,7,146~6,7,146
4,2,167~4,5,167
5,9,8~7,9,8
9,4,63~9,6,63
0,4,169~0,6,169
0,5,231~3,5,231
6,2,59~9,2,59
5,4,179~6,4,179
2,3,175~4,3,175
3,5,18~3,5,20
5,0,86~5,1,86
6,1,42~7,1,42
3,6,58~3,9,58
4,0,283~5,0,283
1,5,139~3,5,139
4,5,18~4,5,18
0,2,31~2,2,31
0,9,69~3,9,69
0,7,153~3,7,153
6,8,188~8,8,188
1,3,122~1,5,122
7,9,114~7,9,114
7,7,279~7,7,282
7,0,215~7,2,215
1,2,130~1,5,130
1,4,143~2,4,143
8,3,35~8,5,35
6,1,276~6,2,276
9,7,83~9,7,84
5,3,99~5,6,99
1,7,13~1,8,13
7,4,276~7,7,276
6,9,287~7,9,287
7,3,281~7,5,281
7,0,116~8,0,116
5,3,259~5,3,260
3,4,141~5,4,141
2,4,106~4,4,106
1,0,149~3,0,149
4,1,186~4,4,186
4,4,115~4,7,115
7,3,309~9,3,309
5,8,203~5,8,205
0,1,145~2,1,145
0,3,176~2,3,176
9,0,189~9,0,191
3,1,104~3,4,104
0,2,253~3,2,253
9,7,37~9,7,39
8,4,220~8,6,220
3,6,115~3,9,115
3,1,148~3,3,148
4,0,161~4,3,161
9,2,56~9,4,56
8,5,266~8,7,266
5,1,38~7,1,38
6,2,31~8,2,31
6,5,122~6,7,122
0,3,201~0,5,201
0,6,183~0,7,183
1,1,35~1,3,35
5,4,244~5,6,244
3,7,85~3,9,85
6,6,121~6,9,121
5,7,107~8,7,107
7,4,68~7,8,68
2,5,20~2,7,20
3,4,150~4,4,150
2,0,109~4,0,109
0,0,96~2,0,96
1,3,267~3,3,267
3,0,24~3,2,24
2,2,140~2,2,142
6,3,254~6,5,254
3,8,24~4,8,24
7,3,306~9,3,306
0,1,42~0,3,42
4,3,63~7,3,63
6,1,19~6,2,19
6,4,272~7,4,272
3,6,6~3,9,6
9,9,177~9,9,178
0,4,195~2,4,195
4,5,58~4,5,59
7,3,290~7,3,292
0,1,25~2,1,25
3,4,192~3,6,192
0,9,137~1,9,137
1,0,94~3,0,94
5,8,26~5,9,26
4,6,82~5,6,82
7,9,279~9,9,279
9,7,137~9,9,137
7,6,111~7,9,111
7,2,32~8,2,32
8,1,22~8,4,22
9,0,123~9,2,123
0,2,112~0,4,112
8,7,247~8,9,247
1,9,177~1,9,179
8,2,11~9,2,11
5,0,64~7,0,64
0,3,280~0,5,280
6,6,223~6,9,223
8,3,282~8,5,282
5,8,258~6,8,258
2,4,274~2,6,274
6,5,28~8,5,28
1,5,177~1,7,177
5,2,252~5,5,252
1,5,63~3,5,63
5,6,100~5,8,100
1,4,287~3,4,287
6,7,112~6,9,112
1,4,197~1,5,197
7,3,312~8,3,312
2,3,271~2,5,271
6,2,124~6,4,124
5,7,212~6,7,212
0,0,177~0,3,177
4,1,228~8,1,228
5,1,272~5,3,272
8,0,277~8,3,277
3,3,276~3,5,276
4,6,205~6,6,205
0,6,82~2,6,82
4,7,247~4,9,247
9,2,171~9,2,174
2,5,8~2,7,8
5,3,68~5,7,68
0,5,133~1,5,133
1,1,133~4,1,133
6,7,252~6,7,255
0,9,199~1,9,199
5,1,158~7,1,158
8,7,168~9,7,168
2,6,47~5,6,47
6,9,11~6,9,15
6,0,265~6,2,265
5,5,36~5,5,36
4,1,120~7,1,120
6,2,78~6,4,78
1,4,121~3,4,121
5,3,130~8,3,130
4,0,135~4,3,135
0,3,233~2,3,233
5,8,200~6,8,200
3,7,80~5,7,80
9,8,84~9,8,86
5,9,263~8,9,263
2,7,148~5,7,148
7,6,14~7,8,14
6,3,243~8,3,243
4,8,218~6,8,218
3,9,87~3,9,89
1,0,97~1,0,97
2,7,185~2,9,185
7,0,85~7,0,87
1,1,234~1,3,234
1,7,86~4,7,86
4,3,70~6,3,70
4,8,236~7,8,236
2,5,105~2,5,107
7,7,164~7,7,165
9,7,281~9,9,281
6,7,277~8,7,277
5,8,39~8,8,39
4,2,233~7,2,233
1,7,227~4,7,227
9,4,240~9,6,240
6,7,95~8,7,95
6,4,74~8,4,74
2,0,26~2,0,26
2,6,74~2,8,74
7,9,56~9,9,56
4,0,201~4,2,201
2,8,191~5,8,191
9,1,23~9,4,23
4,0,171~4,3,171
3,5,195~4,5,195
1,1,1~1,3,1
5,9,113~7,9,113
4,5,205~5,5,205
5,0,184~7,0,184
8,5,11~8,7,11
1,0,304~2,0,304
3,0,263~3,0,264
6,2,30~8,2,30
4,1,189~5,1,189
1,6,35~3,6,35
3,3,49~6,3,49
0,2,298~1,2,298
4,6,262~4,7,262
7,3,303~9,3,303
9,1,3~9,1,6
5,5,20~5,8,20
6,5,102~6,7,102
4,2,185~6,2,185
0,5,86~3,5,86
3,9,8~4,9,8
1,0,131~1,2,131
2,1,249~2,3,249
0,6,1~0,9,1
6,1,279~8,1,279
6,5,158~7,5,158
0,0,296~2,0,296
4,3,116~4,4,116
7,4,288~9,4,288
9,1,271~9,2,271
5,6,171~8,6,171
9,0,194~9,0,196
7,9,179~9,9,179
3,6,262~3,6,264
6,1,127~6,2,127
7,5,197~7,7,197
5,4,299~5,6,299
6,6,220~6,8,220
4,1,213~6,1,213
2,7,304~2,7,306
6,4,126~8,4,126
6,7,24~6,8,24
8,0,15~8,1,15
4,0,110~6,0,110
9,4,168~9,6,168
4,8,4~4,9,4
7,2,197~9,2,197
2,3,24~4,3,24
6,5,298~6,7,298
7,6,110~7,8,110
0,9,288~0,9,290
5,3,162~8,3,162
5,1,102~5,2,102
5,7,70~5,8,70
1,5,263~4,5,263
6,3,272~7,3,272
0,4,199~0,5,199
8,7,275~8,9,275
6,1,232~6,3,232
5,4,287~5,5,287
6,7,249~6,7,250
2,9,216~5,9,216
4,6,296~5,6,296
6,9,126~8,9,126
6,9,193~7,9,193
5,5,170~8,5,170
5,1,171~5,3,171
5,2,168~5,4,168
1,2,134~2,2,134
6,0,24~7,0,24
2,9,164~4,9,164
0,1,135~3,1,135
9,6,7~9,9,7
9,7,196~9,9,196
9,3,243~9,4,243
2,0,111~4,0,111
5,8,101~7,8,101
8,3,155~8,5,155
9,2,267~9,4,267
2,9,296~3,9,296
1,4,257~1,4,260
6,8,123~8,8,123
2,6,292~2,6,293
0,5,25~2,5,25
1,8,132~1,8,134
2,5,239~2,5,239
7,3,214~9,3,214
4,6,280~6,6,280
9,2,57~9,4,57
3,2,182~4,2,182
1,8,27~4,8,27
3,5,260~3,7,260
5,6,173~7,6,173
7,4,77~7,5,77
1,0,26~1,0,26
9,3,296~9,5,296
5,0,239~5,3,239
6,6,244~6,6,244
0,6,208~0,9,208
9,8,199~9,8,201
4,7,243~4,9,243
1,7,175~1,9,175
4,5,57~6,5,57
8,3,93~8,5,93
2,6,277~5,6,277
5,8,104~6,8,104
6,9,4~7,9,4
8,1,233~8,3,233
7,9,230~7,9,231
3,5,54~6,5,54
1,1,125~1,3,125
1,7,73~1,7,76
6,3,180~8,3,180
5,6,95~5,6,96
9,3,290~9,4,290
2,6,267~2,9,267
0,8,194~2,8,194
0,5,244~0,7,244
1,2,141~1,4,141
2,2,184~2,3,184
1,7,225~3,7,225
2,5,230~2,8,230
2,6,91~4,6,91
7,5,165~9,5,165
7,0,190~7,1,190
7,2,84~7,4,84
6,0,230~6,1,230
4,6,169~7,6,169
3,3,197~3,5,197
4,5,82~6,5,82
0,5,89~0,6,89
1,3,81~1,4,81
9,4,155~9,6,155
1,9,134~4,9,134
5,7,124~5,9,124
5,8,49~7,8,49
6,8,70~8,8,70
3,2,289~3,4,289
8,4,57~8,5,57
8,2,162~8,2,165
1,3,294~1,4,294
0,6,205~3,6,205
7,2,214~9,2,214
2,9,217~2,9,217
2,2,286~2,5,286
0,4,168~3,4,168
4,8,95~7,8,95
5,4,303~5,7,303
7,7,199~9,7,199
1,1,235~1,1,237
4,3,107~4,5,107
6,0,233~7,0,233
7,7,130~9,7,130
9,2,215~9,3,215
1,9,234~1,9,235
4,1,41~6,1,41
2,5,207~2,7,207
8,2,263~8,5,263
4,3,79~5,3,79
1,2,99~3,2,99
6,9,229~7,9,229
8,5,101~9,5,101
1,2,296~1,4,296
4,8,246~5,8,246
9,7,94~9,8,94
5,3,215~7,3,215
3,7,94~3,9,94
3,5,55~3,7,55
2,0,31~4,0,31
2,3,78~4,3,78
1,6,80~1,7,80
7,3,86~7,6,86
4,0,24~4,0,27
6,8,2~6,8,4
7,3,135~8,3,135
5,6,121~5,9,121
0,4,292~2,4,292
4,1,172~4,4,172
1,4,250~4,4,250
2,3,202~2,5,202
0,8,189~2,8,189
4,7,221~4,8,221
0,1,140~0,1,142
5,5,219~5,5,220
4,2,303~4,3,303
2,6,88~2,7,88
3,7,137~3,8,137
7,8,157~8,8,157
8,5,29~8,6,29
1,1,216~1,4,216
2,4,198~2,7,198
7,5,252~9,5,252
9,3,92~9,5,92
2,8,140~4,8,140
0,5,95~0,6,95
3,6,119~5,6,119
7,4,55~7,4,58
9,6,193~9,8,193
7,2,68~9,2,68
9,0,66~9,2,66
1,3,226~2,3,226
3,3,286~3,5,286
6,2,110~7,2,110
1,7,10~2,7,10
5,0,187~6,0,187
6,2,283~6,4,283
1,7,102~1,9,102
