0:
##.
.##
..#

1:
###
##.
#..

2:
#.#
#.#
###

3:
##.
.##
###

4:
#.#
###
#.#

5:
##.
##.
###

49x36: 50 58 46 32 38 51
46x46: 44 43 34 34 28 41
37x43: 16 32 28 42 30 20
44x41: 32 32 34 23 29 31
35x47: 37 50 40 26 46 54
48x45: 42 30 44 42 41 41
43x35: 24 34 26 21 19 29
40x43: 23 38 27 25 43 25
49x43: 41 43 41 30 36 32
47x48: 47 56 56 55 63 67
37x36: 27 25 23 22 23 24
36x42: 26 30 31 29 28 24
36x47: 33 22 33 30 33 28
42x47: 38 41 25 39 33 33
42x48: 31 41 43 34 34 41
50x40: 29 29 45 39 40 26
49x42: 31 36 34 43 40 40
37x44: 29 26 28 32 29 24
50x42: 50 39 31 33 31 39
41x39: 43 42 51 48 30 33
40x43: 54 47 38 48 41 40
44x36: 55 26 34 43 46 42
41x46: 48 39 27 26 34 21
50x47: 65 67 62 49 57 64
39x41: 36 29 32 24 18 30
39x45: 26 39 26 35 35 33
42x41: 35 26 32 23 25 40
41x48: 55 47 52 42 59 49
43x47: 42 34 31 34 41 27
40x42: 52 47 43 37 40 43
46x38: 49 48 42 49 34 49
37x40: 24 26 22 27 22 34
37x39: 35 20 33 31 16 21
40x38: 41 41 31 41 43 38
47x50: 55 72 65 48 66 56
48x43: 58 51 64 53 55 38
45x50: 40 41 39 48 33 38
47x36: 31 22 31 31 36 28
47x45: 60 66 49 47 52 55
44x43: 50 63 53 40 35 53
44x45: 53 39 60 45 59 48
43x35: 27 42 37 39 50 34
40x44: 43 49 53 48 36 42
36x46: 31 29 28 31 29 31
36x44: 44 34 33 42 44 47
49x43: 36 42 37 39 33 37
42x43: 36 35 32 33 31 29
46x45: 52 50 45 55 66 50
39x35: 32 32 32 32 38 43
43x35: 45 42 31 35 46 35
43x37: 26 32 25 28 25 32
36x39: 26 39 17 30 16 28
44x46: 24 32 43 35 38 38
49x36: 29 29 31 32 25 46
45x50: 50 35 30 34 47 44
38x40: 36 29 46 37 39 45
48x35: 47 43 24 59 36 51
36x45: 46 36 48 33 53 34
39x48: 39 57 39 68 44 40
35x38: 17 26 25 25 19 19
49x42: 51 57 58 68 35 48
42x37: 40 38 42 38 42 39
35x37: 18 20 25 26 26 17
48x50: 50 38 39 44 37 48
36x40: 26 24 23 29 29 25
35x36: 18 20 23 20 19 31
41x44: 34 31 25 33 33 25
38x42: 37 34 31 23 22 21
37x39: 35 16 29 27 22 26
35x41: 46 25 33 29 37 52
49x48: 66 70 53 56 59 61
47x44: 58 53 46 59 55 49
36x35: 37 36 30 31 30 32
40x43: 49 36 53 44 37 46
48x48: 47 48 42 31 44 44
43x43: 39 45 54 45 48 51
37x35: 25 20 25 12 28 22
47x41: 57 56 51 43 50 43
39x45: 37 30 34 29 39 26
35x39: 39 38 41 28 37 29
36x40: 45 37 24 40 46 32
50x41: 63 42 59 52 55 46
45x44: 41 26 30 37 34 41
38x43: 46 37 39 44 44 42
38x36: 29 35 35 39 38 33
38x37: 43 33 40 39 27 36
37x50: 36 38 24 31 33 30
39x35: 16 28 27 24 23 24
47x42: 46 26 37 31 32 38
46x43: 36 40 28 37 38 31
40x38: 33 30 22 28 15 28
48x44: 43 35 33 32 43 38
35x50: 48 50 37 45 39 52
38x39: 25 24 28 16 37 26
47x47: 37 45 35 38 38 32
49x40: 26 49 34 39 32 28
48x39: 39 34 29 32 37 36
50x40: 49 41 53 53 58 52
50x41: 32 32 34 25 42 43
43x40: 30 35 28 29 29 31
40x45: 54 42 42 45 44 52
49x46: 37 37 36 49 44 37
36x42: 32 46 41 39 43 31
37x49: 33 43 27 27 31 31
35x47: 33 31 23 22 24 32
40x49: 38 61 55 53 52 41
48x44: 37 40 44 32 37 34
39x36: 34 19 25 18 35 25
36x47: 38 36 48 44 38 54
37x48: 46 34 46 42 54 50
39x37: 41 26 41 40 38 36
35x37: 31 26 31 30 34 46
39x44: 46 45 39 39 47 49
43x35: 30 24 29 26 28 17
35x41: 33 38 40 36 34 39
43x41: 30 34 29 30 28 30
50x40: 50 53 56 55 50 44
35x44: 30 36 43 47 40 38
45x45: 54 50 54 44 64 46
42x42: 31 27 41 29 34 34
40x50: 31 29 40 31 29 47
49x50: 39 57 41 41 39 38
41x45: 41 38 45 51 48 58
43x47: 35 28 43 41 30 32
35x42: 33 31 38 35 47 40
44x43: 35 34 27 31 42 26
44x50: 49 38 36 32 37 31
47x49: 41 41 51 23 37 47
35x48: 27 25 30 30 37 27
41x50: 23 34 25 41 42 42
38x40: 36 38 44 35 45 35
38x37: 49 33 41 32 32 33
42x49: 30 34 43 36 45 36
48x38: 44 46 41 42 50 57
42x44: 48 42 45 52 51 46
37x43: 27 25 24 32 33 26
36x39: 35 29 35 34 40 42
49x37: 39 25 26 34 30 38
50x40: 37 32 28 29 49 33
41x41: 24 32 28 26 26 33
41x35: 21 19 26 27 23 27
36x35: 30 37 40 31 28 28
47x46: 32 32 41 42 41 37
45x38: 25 26 22 42 37 28
37x39: 25 27 28 26 26 23
39x40: 42 34 38 36 42 48
42x37: 26 26 37 28 26 25
43x39: 27 32 34 27 33 28
43x41: 42 41 41 55 50 41
35x38: 37 30 27 30 40 41
44x35: 28 27 24 23 26 26
49x41: 34 38 28 40 41 27
37x37: 25 18 19 30 25 26
39x44: 23 37 41 32 15 33
47x43: 37 33 42 30 39 29
47x40: 28 30 35 35 35 31
46x38: 37 44 47 53 39 47
37x45: 33 23 28 27 36 33
37x48: 39 48 56 44 42 43
49x39: 30 39 29 27 38 44
47x50: 66 50 82 60 48 56
43x36: 24 26 36 31 20 30
42x44: 33 40 33 28 37 24
36x39: 35 36 36 32 34 43
40x38: 24 23 29 22 18 39
41x44: 20 34 36 31 31 30
35x48: 33 29 31 23 37 23
50x48: 41 44 43 44 38 45
39x36: 26 27 17 20 28 38
45x39: 41 52 46 56 41 34
39x42: 25 25 38 34 35 24
39x41: 42 43 41 36 46 39
48x45: 42 38 39 40 29 51
44x50: 39 37 27 41 41 39
50x39: 46 48 37 54 47 67
36x39: 20 32 20 31 27 26
35x39: 35 41 26 37 36 36
36x40: 25 28 27 18 24 33
49x45: 42 34 43 39 40 42
39x45: 48 51 44 41 44 44
39x49: 49 47 47 57 44 50
48x42: 53 40 51 68 48 49
45x37: 31 27 40 28 21 33
50x49: 72 56 49 70 68 64
36x43: 20 28 36 21 37 26
39x40: 30 27 24 33 20 34
45x46: 47 61 50 56 49 55
47x44: 45 34 31 38 27 34
38x46: 28 26 35 25 36 30
38x41: 54 33 39 45 38 34
41x38: 50 41 41 45 37 29
40x43: 54 38 40 34 45 56
39x39: 45 31 35 44 42 38
38x38: 17 32 25 27 28 15
45x35: 28 24 30 36 27 19
47x45: 63 59 48 58 49 52
37x39: 24 16 35 29 28 23
48x47: 31 37 38 46 47 41
41x40: 22 27 37 39 26 18
38x38: 42 31 38 41 31 40
46x49: 64 46 61 51 65 60
44x36: 27 27 27 30 28 29
44x49: 59 62 67 53 53 40
38x37: 29 21 26 24 26 18
50x44: 42 38 38 32 39 35
41x37: 23 19 28 31 28 27
40x50: 51 58 55 47 50 48
37x39: 26 28 19 28 29 25
44x48: 34 42 38 37 37 35
43x45: 38 32 34 41 38 26
46x45: 38 32 43 38 46 28
42x39: 37 27 25 33 28 32
40x44: 32 29 31 30 33 27
35x39: 29 25 27 21 21 20
46x37: 15 32 35 31 33 34
40x45: 51 49 47 37 52 43
39x35: 38 41 32 30 41 30
39x49: 61 45 46 48 48 49
45x49: 31 38 47 35 48 40
35x47: 38 26 27 28 28 17
37x42: 41 34 38 49 35 42
44x45: 45 63 39 47 62 49
45x41: 48 46 42 55 47 46
50x35: 48 42 28 43 54 55
38x37: 35 33 49 30 41 28
38x38: 20 19 25 29 27 24
49x50: 41 48 44 51 29 43
40x35: 20 21 26 24 27 25
46x40: 37 30 37 30 32 28
37x41: 26 23 32 27 20 28
44x47: 53 44 54 53 59 54
37x41: 27 25 24 25 27 27
38x48: 41 53 47 49 45 45
43x43: 55 42 31 54 50 54
40x49: 53 66 36 50 48 52
38x50: 38 37 33 35 19 29
42x47: 53 53 44 51 52 52
48x49: 51 38 41 54 31 41
45x50: 48 33 40 44 36 39
47x43: 43 40 65 50 59 50
36x44: 45 45 41 30 51 34
35x48: 26 28 33 30 31 28
37x40: 28 29 25 25 26 22
35x35: 21 17 17 27 23 16
38x45: 26 30 36 25 30 32
41x43: 51 37 46 48 51 39
39x40: 40 46 45 35 40 35
43x45: 31 37 42 33 29 37
39x36: 17 28 24 29 22 35
38x48: 31 37 24 27 37 35
45x44: 42 55 49 64 50 43
37x44: 26 32 41 19 24 25
37x39: 30 22 18 29 28 29
41x42: 54 45 49 41 45 34
50x35: 22 20 36 30 48 19
42x50: 33 35 39 46 35 36
42x47: 32 36 32 35 38 37
45x47: 53 53 51 62 60 46
35x35: 30 29 42 22 30 35
41x37: 28 35 45 37 45 40
42x39: 24 33 39 34 27 25
37x41: 25 35 19 23 23 31
50x38: 60 51 50 41 49 45
37x45: 48 42 33 45 41 49
47x39: 41 27 39 26 39 23
38x42: 40 29 40 47 44 44
48x44: 47 59 49 53 57 59
38x35: 21 18 21 28 24 20
39x50: 37 37 31 34 36 33
38x47: 32 35 28 36 34 15
38x44: 22 37 19 26 29 35
38x43: 25 27 27 31 31 27
48x50: 63 55 65 61 62 63
39x45: 44 52 38 46 44 47
44x40: 46 49 42 46 40 49
39x47: 32 31 26 37 34 34
38x39: 32 27 16 24 30 27
37x42: 26 33 29 22 26 31
42x50: 63 54 49 44 42 74
45x35: 35 40 51 36 36 43
49x38: 27 32 44 27 34 27
50x49: 76 41 64 61 69 67
44x46: 39 43 26 28 28 45
43x40: 34 28 32 30 26 31
40x37: 21 25 30 36 24 19
49x44: 45 23 58 42 20 35
45x46: 39 39 32 40 36 39
50x50: 47 43 39 45 46 35
35x48: 52 40 43 45 40 41
36x39: 36 34 40 34 34 38
48x42: 42 54 45 52 65 50
42x38: 43 31 37 43 53 38
48x42: 35 42 42 38 34 33
49x39: 40 32 35 33 32 36
35x35: 30 37 30 27 34 31
36x39: 35 35 41 30 40 35
47x42: 44 58 38 56 51 56
37x42: 27 21 32 28 29 31
36x48: 41 32 23 32 27 37
47x44: 49 57 58 64 52 38
45x37: 49 42 43 49 38 37
50x37: 47 41 57 40 43 56
37x45: 38 42 35 59 41 40
40x48: 57 49 60 36 47 49
36x42: 28 34 44 34 47 42
45x40: 38 30 33 35 36 22
49x37: 55 48 35 51 47 46
44x44: 50 41 55 46 45 60
48x49: 44 57 60 64 58 74
45x41: 25 34 27 33 36 40
45x42: 56 47 52 55 49 34
36x37: 38 39 35 34 29 32
40x38: 45 40 39 50 31 31
44x38: 35 28 33 24 23 25
50x46: 49 65 60 59 54 65
35x43: 32 30 26 25 24 16
44x38: 49 41 46 41 41 41
39x44: 38 40 55 42 42 45
50x38: 28 23 41 34 34 31
50x46: 36 40 35 41 39 49
46x49: 57 53 64 63 50 59
43x37: 45 40 46 33 46 36
50x36: 29 37 25 31 39 30
42x43: 37 50 40 50 48 51
36x44: 39 51 36 47 43 29
45x50: 65 47 56 60 47 72
40x47: 56 44 40 52 42 57
35x45: 45 40 39 41 36 43
46x37: 52 47 48 35 44 39
35x42: 41 48 43 24 36 37
49x37: 36 31 31 33 31 29
48x45: 52 57 56 49 52 66
49x36: 27 30 33 34 37 31
36x38: 35 36 37 28 36 39
42x42: 48 62 45 50 41 29
38x39: 21 31 33 30 19 21
48x49: 40 47 40 45 48 35
49x48: 39 37 49 39 47 44
38x49: 31 31 39 37 26 27
38x43: 24 37 28 38 19 22
42x46: 52 62 49 60 38 39
43x38: 46 30 44 39 43 49
39x36: 33 27 27 21 26 22
43x39: 41 34 24 31 23 28
36x47: 26 30 40 20 30 33
40x48: 26 37 37 26 39 43
49x36: 38 49 51 43 43 46
38x38: 31 32 41 42 33 41
46x35: 36 45 45 41 33 47
39x44: 24 41 28 32 23 33
50x39: 60 63 44 43 41 54
40x49: 56 41 53 41 53 58
36x35: 20 26 20 29 18 19
43x49: 39 46 29 42 33 35
35x49: 28 26 31 34 25 32
50x45: 58 60 61 66 47 55
44x35: 44 43 41 47 33 31
35x40: 32 31 46 35 35 35
36x41: 26 24 30 17 31 28
47x36: 48 44 32 50 48 40
43x47: 51 38 49 50 63 58
47x48: 63 66 45 59 48 69
47x36: 39 42 47 45 41 45
50x41: 31 39 53 30 28 27
50x39: 40 30 28 34 43 32
39x38: 45 42 36 39 27 42
40x38: 28 35 16 22 33 21
43x46: 30 31 33 42 34 39
49x50: 59 61 59 70 64 63
42x38: 22 28 29 27 36 25
50x49: 43 50 41 42 36 43
39x43: 37 26 20 28 31 39
46x44: 43 52 45 58 55 56
42x50: 58 63 53 56 49 47
50x40: 55 52 55 50 50 47
39x44: 27 21 37 33 29 34
42x39: 50 38 43 50 39 34
46x49: 69 70 54 56 47 56
50x44: 45 40 38 34 31 36
47x50: 60 70 64 44 59 66
43x36: 32 38 39 50 36 41
39x49: 58 51 51 41 45 51
38x46: 23 31 27 32 33 34
37x45: 36 33 21 31 22 37
46x47: 34 34 38 44 37 38
39x43: 36 40 39 50 42 49
50x44: 38 36 39 34 35 41
45x48: 47 61 58 47 64 54
44x35: 44 36 38 42 47 31
48x39: 51 53 47 48 44 47
41x44: 39 31 18 37 25 31
41x39: 25 24 33 26 29 32
35x42: 38 27 48 34 43 35
47x35: 26 36 24 27 24 27
45x46: 35 37 35 30 44 43
36x42: 36 44 28 43 34 48
40x43: 30 31 30 27 34 29
43x38: 34 47 43 41 36 49
43x39: 34 46 38 58 43 37
42x45: 57 51 45 42 44 55
36x40: 30 33 25 21 23 23
41x37: 35 34 47 49 39 28
41x47: 29 43 34 31 25 32
35x47: 23 23 31 23 29 36
44x36: 26 28 19 38 26 30
35x50: 29 26 25 30 36 30
41x36: 31 50 37 26 44 39
44x45: 43 41 39 36 27 24
35x35: 37 29 27 29 32 36
38x44: 58 37 35 38 43 50
48x44: 51 65 55 53 59 43
46x39: 26 28 31 39 27 43
49x36: 30 36 32 31 33 29
47x44: 57 50 59 44 53 56
38x44: 29 28 24 34 31 22
36x41: 24 24 32 22 29 24
49x44: 69 56 49 59 46 57
48x37: 21 40 30 27 35 38
38x49: 35 31 31 22 40 33
37x50: 47 36 47 50 58 45
36x40: 19 26 29 25 29 28
38x36: 24 23 30 23 22 22
48x45: 35 35 38 47 35 49
46x44: 32 27 36 43 37 35
40x46: 25 34 30 45 29 31
35x44: 28 30 24 25 19 27
50x45: 41 40 46 37 34 41
50x44: 59 54 47 62 62 55
42x36: 25 19 26 31 28 39
43x47: 47 46 47 59 56 54
37x45: 30 30 30 34 26 29
37x40: 23 33 26 29 22 23
44x39: 44 41 44 51 46 38
36x50: 25 28 45 34 34 25
38x42: 52 42 40 31 38 46
40x42: 23 28 31 41 27 32
41x36: 32 40 32 54 32 36
42x39: 39 38 58 36 38 42
35x43: 24 17 29 22 35 26
50x45: 66 60 65 55 54 49
45x37: 21 23 32 32 35 37
49x36: 48 42 42 41 49 50
42x45: 32 27 40 40 35 36
48x40: 51 40 52 56 48 48
38x45: 28 28 29 30 39 26
43x46: 35 32 34 41 37 31
48x37: 42 42 57 49 33 49
44x48: 55 51 46 66 54 53
39x42: 27 35 32 34 31 23
38x35: 23 24 26 16 17 25
48x41: 41 33 34 36 27 37
46x46: 55 47 51 52 58 62
38x49: 28 38 28 27 33 37
50x49: 37 45 44 45 47 37
41x40: 30 26 23 28 35 26
42x38: 36 38 39 39 48 44
44x37: 34 30 26 26 24 27
40x50: 35 34 31 30 39 39
38x41: 34 13 30 28 21 30
42x46: 38 30 41 34 28 39
37x41: 32 40 42 40 40 38
35x38: 31 34 32 33 28 46
40x35: 26 22 29 32 16 18
36x49: 45 47 39 50 55 36
36x48: 37 43 50 44 41 49
49x46: 37 35 34 49 38 47
50x44: 29 40 45 42 34 34
40x43: 39 47 42 50 35 51
47x46: 43 59 68 42 60 58
35x40: 23 21 23 20 34 22
50x36: 32 41 35 27 32 25
48x49: 65 56 66 50 71 55
49x36: 45 41 48 43 44 50
39x42: 44 64 36 32 35 45
42x37: 41 35 38 40 40 45
35x38: 27 30 8 20 22 25
39x44: 22 38 38 34 23 26
45x40: 40 29 28 34 35 29
49x39: 40 38 45 35 24 25
38x46: 27 31 29 28 35 30
38x37: 28 35 34 36 47 34
42x42: 37 29 31 39 30 30
41x37: 44 38 45 30 42 36
38x46: 20 37 30 29 34 29
38x49: 44 43 44 49 51 54
46x39: 30 34 53 56 43 54
42x35: 35 25 19 24 31 19
40x40: 26 25 32 34 22 29
46x41: 45 52 37 58 49 49
40x36: 42 42 34 38 32 36
35x48: 30 25 23 35 29 34
46x38: 44 37 53 37 50 47
35x47: 42 47 44 38 44 39
46x49: 59 55 60 55 53 65
44x43: 55 54 37 41 45 62
43x46: 49 51 59 57 40 48
47x49: 37 37 45 46 40 35
46x38: 35 27 35 20 35 28
43x50: 40 34 41 43 32 34
46x48: 62 59 46 64 54 57
43x35: 30 23 28 28 17 28
50x44: 34 38 35 37 32 47
39x49: 34 44 48 25 33 24
38x47: 43 34 33 24 19 27
40x38: 52 33 38 31 41 42
41x44: 56 50 46 48 46 35
48x50: 43 42 31 46 42 51
50x49: 68 64 67 54 71 55
35x36: 26 37 37 25 32 36
42x36: 39 24 38 40 45 45
40x42: 39 36 24 27 27 29
47x43: 28 31 40 39 36 36
37x40: 21 22 24 32 30 26
47x38: 31 54 49 38 47 53
41x44: 45 43 44 44 50 51
35x43: 22 28 25 22 27 30
49x41: 57 59 50 47 48 51
41x35: 41 41 34 37 40 30
41x44: 31 31 31 29 33 26
46x49: 45 37 33 49 35 40
44x46: 31 36 31 37 28 46
49x42: 57 46 55 62 46 51
48x48: 63 52 64 71 60 45
42x35: 27 31 22 28 26 19
43x36: 43 37 38 42 43 36
37x50: 43 50 45 52 46 48
37x42: 39 39 29 43 40 49
43x39: 43 56 38 43 47 33
35x36: 17 20 23 31 24 17
38x44: 34 32 26 22 34 20
37x49: 44 49 55 52 41 38
49x42: 36 39 32 40 43 34
44x50: 38 44 30 31 37 44
37x37: 27 25 18 28 22 24
43x46: 39 34 32 35 33 37
46x44: 49 61 43 58 58 43
37x44: 28 32 25 26 33 23
44x48: 35 40 34 27 58 29
40x36: 34 19 35 20 21 27
43x39: 31 25 27 40 30 28
39x40: 22 31 34 23 35 24
45x37: 31 23 33 32 28 32
44x38: 26 23 38 29 24 27
35x43: 27 34 18 25 23 26
41x42: 39 46 56 42 37 44
37x43: 18 29 33 27 22 38
40x46: 24 41 33 31 26 40
47x38: 51 43 47 46 40 49
39x35: 35 40 39 30 28 39
47x40: 43 55 41 46 43 61
36x41: 38 35 45 40 36 33
37x39: 43 38 42 36 41 24
44x43: 24 44 26 33 33 35
39x46: 33 25 25 38 38 35
48x41: 40 32 44 26 32 33
46x49: 50 52 58 72 56 56
42x44: 33 27 33 38 29 36
38x45: 39 23 24 28 35 31
40x38: 27 24 28 21 27 29
42x37: 25 20 37 32 27 27
48x46: 64 56 56 53 51 62
36x41: 45 36 44 29 43 32
48x40: 39 36 28 46 31 27
48x42: 30 45 45 34 32 37
38x41: 27 18 28 30 24 28
50x47: 33 33 45 43 36 50
38x38: 24 26 22 21 22 29
48x41: 61 50 51 45 48 51
40x36: 31 27 21 27 24 25
35x42: 33 21 21 26 26 26
50x50: 50 64 60 67 74 66
35x44: 44 35 42 40 38 39
44x37: 29 30 28 25 31 25
35x41: 23 28 30 15 16 30
45x37: 29 31 24 34 30 31
38x42: 41 50 40 43 37 36
44x36: 23 27 27 40 23 27
50x42: 55 62 52 41 51 64
38x35: 22 23 18 25 28 16
39x49: 39 40 41 40 33 15
37x45: 43 45 37 54 30 48
38x35: 34 34 26 27 47 37
48x46: 32 42 44 43 40 38
50x47: 30 43 45 43 41 37
49x37: 44 43 52 54 35 50
39x35: 32 32 29 35 37 44
45x50: 53 51 70 56 65 49
35x37: 29 31 30 31 36 41
43x45: 48 45 55 48 48 53
38x45: 65 49 42 38 38 38
49x39: 40 57 62 53 38 43
40x46: 33 38 24 38 37 25
44x35: 30 24 28 23 23 25
39x48: 44 20 40 36 37 30
35x46: 19 39 29 22 24 31
44x40: 27 29 28 36 34 27
39x40: 32 40 39 36 45 46
40x37: 26 19 26 28 30 26
35x50: 23 38 22 30 25 37
44x47: 43 31 31 34 36 34
46x48: 56 64 55 57 57 52
37x49: 45 42 41 49 52 49
46x41: 47 47 56 43 47 50
44x44: 51 53 44 59 45 47
49x49: 44 48 34 47 39 44
47x41: 27 39 30 30 33 36
48x50: 63 54 60 69 69 54
41x38: 38 37 35 47 29 53
36x43: 45 41 35 39 42 38
38x46: 47 52 45 42 38 47
44x38: 27 50 41 39 51 46
45x45: 50 49 43 53 50 66
49x39: 54 50 38 55 54 45
47x42: 41 36 32 29 28 44
49x36: 23 31 30 35 35 38
42x40: 28 28 39 20 35 31
48x35: 30 31 25 25 29 35
40x38: 29 28 19 24 28 28
42x49: 37 44 36 31 38 38
49x35: 34 25 29 35 26 27
45x39: 30 29 40 27 43 26
39x43: 37 38 51 46 44 40
50x35: 44 50 41 52 40 43
37x35: 40 30 33 35 31 32
35x49: 45 40 45 39 40 55
43x47: 41 66 53 47 54 49
37x49: 44 42 37 53 56 46
41x42: 25 24 28 40 29 35
47x37: 40 55 43 38 51 41
46x50: 48 34 37 40 36 44
36x40: 29 36 21 17 30 22
46x38: 60 42 44 35 52 40
47x49: 43 37 44 35 42 38
42x37: 30 26 32 25 32 23
35x38: 23 28 16 25 22 18
47x39: 34 30 30 33 42 26
45x45: 50 36 19 40 40 40
46x50: 66 66 68 43 51 63
38x39: 44 39 42 41 35 29
49x36: 33 38 25 34 38 23
48x41: 35 33 38 26 44 32
46x37: 29 32 38 31 18 32
37x40: 22 34 24 19 32 25
39x42: 36 24 39 31 24 28
47x35: 47 51 37 42 43 36
39x38: 32 34 49 40 32 39
39x43: 41 39 39 53 46 39
36x36: 27 34 32 31 38 36
36x35: 39 33 27 38 25 34
41x49: 62 50 46 49 56 49
48x38: 35 28 29 33 35 31
46x39: 54 43 39 51 40 51
38x43: 20 36 28 25 24 35
47x44: 54 54 47 60 53 51
35x36: 30 36 29 26 34 39
50x39: 40 47 54 51 53 52
37x41: 21 24 29 28 24 29
41x39: 48 46 31 38 41 45
43x45: 46 37 52 51 54 55
48x46: 35 44 35 43 45 37
37x42: 38 26 41 39 47 46
42x35: 22 26 19 28 32 27
45x40: 37 32 26 32 31 37
36x41: 44 31 42 33 43 35
43x44: 39 30 22 33 41 31
42x48: 30 24 45 41 48 36
35x46: 29 19 34 21 33 28
35x48: 32 30 23 24 36 30
48x39: 33 32 38 32 39 33
40x44: 48 46 54 31 49 44
47x50: 56 69 51 73 43 70
41x39: 35 43 36 48 41 42
43x49: 34 43 44 30 41 32
46x37: 45 41 43 52 38 43
38x46: 25 28 39 30 31 27
50x38: 29 33 39 33 25 33
50x35: 28 36 32 23 27 30
39x42: 53 32 36 47 42 44
39x37: 28 38 41 40 29 44
48x43: 46 31 47 36 37 26
44x46: 61 50 49 49 53 52
50x37: 53 51 37 49 53 44
42x47: 43 46 51 46 58 57
48x41: 36 47 31 26 30 37
38x49: 27 32 35 27 38 32
35x43: 40 43 34 40 36 40
45x46: 64 46 56 47 56 52
48x37: 47 47 34 55 44 47
46x35: 32 47 39 54 42 32
50x50: 42 47 30 48 44 45
39x50: 41 30 35 45 30 26
36x37: 41 33 26 44 26 37
48x46: 34 46 34 40 43 42
38x43: 31 26 30 25 34 22
45x48: 52 65 66 47 47 56
45x37: 40 23 29 21 38 29
45x47: 52 62 69 56 47 40
36x50: 28 31 40 29 32 31
48x38: 45 52 43 52 39 50
48x35: 41 50 35 46 34 53
36x50: 34 37 24 38 24 34
45x42: 42 34 42 36 21 35
50x36: 56 45 42 48 42 47
45x44: 30 30 36 37 43 34
42x50: 36 35 38 31 40 44
40x46: 45 63 49 35 49 44
38x50: 29 35 34 31 28 34
43x50: 38 45 29 41 40 31
50x35: 34 25 32 30 35 20
49x35: 42 39 58 44 36 44
40x39: 32 39 51 31 45 40
45x44: 29 35 38 33 45 30
46x44: 28 33 35 37 38 39
49x48: 51 42 31 52 31 49
49x39: 38 28 43 34 35 29
47x48: 41 40 46 38 41 33
47x44: 37 34 28 41 33 37
37x42: 29 31 25 26 25 31
38x48: 33 28 42 22 27 40
35x41: 26 18 24 28 22 25
49x50: 65 63 67 48 63 72
40x50: 46 54 66 37 39 65
39x48: 38 36 32 32 33 37
46x38: 48 58 46 44 42 34
35x36: 36 39 23 29 35 34
36x44: 44 35 45 38 41 41
47x36: 33 33 25 29 33 26
35x35: 42 26 35 30 26 32
49x36: 40 37 46 41 48 57
36x42: 29 21 27 33 30 27
43x48: 61 46 61 49 49 53
42x38: 23 36 22 32 24 31
37x43: 33 30 34 27 22 21
38x47: 53 38 47 54 43 41
46x39: 52 46 42 35 55 48
40x42: 35 47 41 46 45 43
48x37: 45 31 29 30 24 32
41x39: 30 18 27 28 34 32
38x39: 18 29 23 35 24 26
45x49: 61 52 54 63 50 60
44x48: 58 53 57 46 57 55
42x39: 38 41 57 38 39 38
38x41: 25 25 26 33 22 25
50x45: 44 38 37 49 33 38
43x45: 58 48 54 41 48 51
47x37: 48 38 41 46 43 52
39x37: 47 30 41 35 34 37
36x40: 30 32 44 36 39 38
35x46: 45 34 42 38 39 50
47x46: 31 42 42 43 35 32
44x38: 25 26 31 29 29 27
41x48: 29 34 34 31 40 40
42x36: 26 43 35 40 41 45
36x42: 27 33 21 31 24 32
40x45: 36 37 31 32 33 25
47x47: 40 33 35 40 42 35
50x45: 42 43 42 36 44 32
39x49: 53 46 55 46 49 46
40x47: 52 51 47 48 56 37
43x47: 46 49 48 52 69 45
43x38: 21 29 28 33 30 27
35x37: 25 15 17 26 25 23
38x36: 40 41 33 27 33 39
41x47: 33 30 38 36 28 29
40x45: 53 44 46 53 40 43
35x50: 26 33 23 34 33 26
40x48: 35 39 27 44 31 32
36x40: 24 31 28 21 27 25
45x41: 30 38 45 28 27 27
46x37: 36 31 23 23 37 30
41x40: 42 44 53 39 35 40
40x47: 54 41 35 44 60 56
36x45: 35 28 29 30 26 31
50x47: 58 67 64 53 63 57
47x50: 42 56 56 77 57 68
39x42: 29 45 45 52 40 38
37x44: 34 22 32 24 33 22
39x39: 31 31 31 24 30 21
47x47: 63 57 43 55 70 54
35x50: 48 41 44 53 40 44
35x36: 22 23 19 21 21 26
43x45: 29 42 32 36 28 43
41x44: 35 41 48 40 53 57
41x40: 40 43 41 54 41 33
47x38: 46 31 54 52 38 52
47x42: 43 23 39 44 29 31
48x40: 34 61 52 46 47 53
49x35: 30 32 31 32 25 25
35x35: 15 12 19 27 28 20
42x40: 50 45 43 38 38 47
39x41: 30 41 45 45 49 33
39x44: 35 28 38 29 26 26
45x35: 26 30 17 30 34 27
41x40: 25 33 26 31 27 27
37x37: 26 33 17 26 21 20
42x46: 37 56 57 53 32 60
50x39: 28 35 30 39 42 34
47x46: 51 51 62 48 62 57
45x46: 43 35 34 43 35 34
45x49: 58 43 62 45 69 61
49x38: 47 43 51 43 51 51
45x45: 40 37 48 30 28 41
49x41: 61 36 50 55 56 52
50x48: 56 63 51 71 62 65
40x45: 45 47 55 46 40 44
40x45: 39 53 47 49 43 45
44x45: 30 38 41 33 34 33
41x47: 39 33 32 29 29 32
48x37: 34 51 43 48 47 48
40x45: 37 27 27 33 43 27
50x35: 36 52 48 43 38 51
43x42: 41 48 54 45 37 52
37x40: 43 36 46 41 30 33
38x35: 19 25 18 24 20 26
37x45: 29 30 32 31 26 31
41x39: 41 40 41 37 38 49
49x39: 54 57 35 44 53 54
45x48: 47 62 61 41 53 67
38x47: 48 40 41 51 55 40
35x45: 31 42 46 41 30 50
39x49: 59 42 52 50 53 40
40x48: 51 56 43 45 45 57
46x38: 52 43 33 48 47 48
42x41: 43 38 38 47 50 48
44x37: 22 28 26 33 27 32
37x35: 44 35 32 32 35 25
38x43: 28 19 28 26 40 26
35x37: 31 17 20 22 14 28
50x42: 50 52 50 56 46 68
39x45: 46 40 48 46 40 50
35x41: 35 23 22 19 26 17
42x43: 48 50 40 42 48 51
48x45: 42 40 42 42 36 37
41x45: 27 25 31 40 31 40
48x36: 30 29 29 35 29 39
36x44: 24 25 32 30 29 28
44x47: 41 59 49 63 45 59
36x47: 48 43 36 50 39 46
35x46: 22 21 31 34 32 24
41x43: 54 38 43 53 46 39
47x42: 34 37 37 32 33 37
43x38: 36 36 27 28 23 17
46x38: 30 40 30 23 31 25
42x43: 44 42 37 54 41 59
35x48: 25 31 30 32 33 24
39x36: 35 50 34 34 36 29
42x44: 39 29 21 39 34 34
43x40: 25 26 29 33 22 47
42x49: 61 50 50 43 54 61
41x42: 26 27 34 28 31 36
40x45: 29 38 42 29 28 29
40x36: 25 19 32 33 23 24
35x46: 50 46 44 31 33 47
48x38: 51 45 37 59 39 51
45x42: 32 40 37 30 36 35
36x45: 25 35 37 30 24 29
36x43: 44 42 35 34 47 38
42x50: 55 62 63 46 54 45
40x45: 45 47 46 49 38 52
36x45: 41 33 44 49 45 36
42x36: 26 38 26 24 28 25
44x39: 29 27 34 28 37 27
37x46: 33 49 38 48 42 50
41x45: 38 33 37 34 27 26
38x38: 40 43 30 45 34 32
49x50: 68 64 60 58 67 62
35x49: 46 45 54 38 42 40
48x44: 31 40 41 34 39 39
43x39: 35 30 22 31 30 33
36x46: 54 33 39 40 48 43
43x40: 29 37 25 30 31 30
49x48: 36 34 44 56 40 46
50x36: 33 51 43 51 46 50
40x48: 19 38 37 38 36 40
43x48: 59 49 53 61 51 46
45x40: 53 44 49 49 41 43
35x46: 37 42 39 44 45 40
37x44: 29 28 25 32 31 22
44x50: 26 44 37 38 41 38
42x38: 33 33 22 29 28 22
49x49: 36 59 75 70 56 66
35x50: 48 49 44 49 45 36
44x39: 57 44 39 47 41 40
35x42: 25 27 22 24 28 28
49x47: 44 41 31 38 43 43
49x46: 70 54 67 58 42 59
42x48: 33 38 41 39 39 34
35x36: 38 26 30 28 40 33
50x44: 44 40 35 37 25 42
41x50: 53 46 58 50 53 55
49x46: 50 53 54 75 49 63
35x42: 31 42 44 32 46 30
48x46: 37 38 40 47 33 44
40x50: 55 45 46 42 57 63
44x49: 68 57 52 58 52 49
44x45: 39 37 32 36 29 36
35x36: 22 32 30 37 37 33
44x48: 56 62 60 53 53 43
39x40: 20 29 36 25 22 36
40x37: 23 25 41 19 21 26
41x44: 56 43 48 37 52 44
42x38: 47 37 36 34 52 41
38x43: 34 24 18 30 31 31
45x42: 48 41 42 54 55 50
49x38: 47 51 56 41 41 51
35x44: 19 30 22 34 30 19
36x37: 34 32 32 35 39 33
49x38: 46 46 46 49 57 42
38x45: 37 49 36 47 48 45
35x40: 18 26 21 23 30 25
42x36: 32 45 50 38 37 30
43x39: 26 40 28 28 24 35
38x46: 29 33 27 27 38 26
37x45: 28 28 26 32 35 31
49x36: 41 41 48 47 41 52
46x44: 33 32 38 36 31 40
38x37: 24 18 20 37 25 20
48x49: 62 76 63 52 57 55
36x35: 23 22 26 20 24 17
45x45: 47 42 68 63 38 51
38x39: 29 27 24 20 26 30
41x42: 42 46 41 49 44 43
50x50: 39 53 38 35 60 31
37x37: 37 31 29 44 31 39
45x37: 30 33 33 22 31 30
50x47: 47 42 33 44 33 40
36x37: 30 27 39 30 47 30
47x48: 41 47 37 33 35 46
36x48: 36 41 22 29 31 32
42x47: 48 48 49 54 46 58
41x41: 35 30 23 22 29 30
47x47: 38 35 34 37 38 43
39x39: 28 27 14 37 36 27
39x36: 23 25 30 24 26 28
43x50: 50 57 57 62 50 54
35x46: 24 26 28 28 28 30
40x50: 25 31 37 33 36 46
47x39: 37 39 26 20 30 42
49x35: 46 38 47 40 54 39
36x41: 26 32 26 32 19 21
40x45: 25 33 32 41 27 37
47x38: 27 30 27 20 40 36
43x38: 32 44 40 44 48 41
40x46: 26 33 39 35 38 24
36x49: 35 40 52 45 57 39
36x47: 32 47 40 54 40 45
37x50: 25 33 31 30 31 42
46x37: 38 24 29 33 30 25
40x44: 56 51 32 50 40 46
49x36: 53 46 31 50 48 46
48x37: 41 25 36 35 23 31
35x46: 41 43 34 44 45 41
47x35: 20 27 35 24 28 30
41x46: 31 34 37 31 33 28
35x38: 21 11 21 29 23 26
50x40: 31 37 32 39 37 31
35x35: 31 28 26 39 34 30
45x41: 37 30 33 30 39 25
45x48: 66 51 51 58 62 47
36x36: 24 29 15 27 25 23
39x43: 32 32 28 30 31 29
45x38: 35 28 27 27 33 29
48x41: 30 37 32 39 39 31
36x36: 28 31 31 35 38 35
37x39: 26 20 19 27 31 33
40x46: 28 30 43 33 29 31
46x44: 46 53 60 52 52 47
50x40: 31 37 41 37 31 31
36x40: 44 31 32 41 32 43
48x39: 53 57 45 43 41 52
38x48: 28 29 28 30 39 37
50x48: 45 46 48 37 46 33
43x47: 59 49 51 57 52 45
40x41: 27 26 28 26 30 31
43x46: 30 35 36 36 46 27
41x44: 35 21 38 25 28 35
37x37: 25 42 34 34 37 37
37x43: 29 23 27 30 25 34
45x46: 38 45 40 38 21 42
50x40: 26 33 45 41 28 35
37x40: 39 43 35 33 41 38
42x46: 41 33 31 30 37 37
47x45: 59 55 57 60 46 50
45x39: 36 29 34 40 37 19
42x35: 36 46 40 43 37 25
35x48: 31 34 21 22 37 31
49x40: 31 43 28 41 31 33
47x43: 47 61 45 54 50 54
37x47: 46 49 50 43 37 44
40x48: 32 42 29 28 37 39
36x36: 25 28 31 15 24 21
35x38: 45 27 28 35 41 31
41x36: 20 29 24 23 33 26
41x48: 36 28 24 35 42 42
45x43: 46 44 49 47 49 61
50x39: 35 40 26 25 51 31
45x36: 24 27 44 22 29 33
44x38: 23 33 28 29 35 20
39x46: 54 42 43 49 39 51
46x40: 44 45 61 40 42 50
